n_evals,hv_all
426,-0.0
